Min loss: 0.0032805525896182366
Best hyperparameters found were:
lr: 0.0012944938370286216
epochs: 70.5806566927433
batch_size: 48.0
win: 6.222169073548786
layers_idx: 1.7970524473838463
