Minimum mse: 0.0017156613757833838
Best hyperparameters found were:
lr: 0.0010628744197015334
epochs: 267.8271592227043
batch_size: 276.42401266792365
win: 10.97115164072503
layers_idx: 1.6918718067487664
