Minimum mse: 0.0011766670504584908
Best hyperparameters found were:
lr: 0.006958441903135494
epochs: 615.3630426700128
batch_size: 109.92541854129459
win: 4.121866863946455
layers_idx: 1.5575527960096713
