Minimum mse: 0.07857657020095589
Best hyperparameters found were:
lr: 0.004169807344148425
epochs: 992.9591753088534
batch_size: 511.9132890497264
win: 2.6863590398435635
layers_idx: 2.117657178748264
