Minimum mse: 0.0004656999954022467
Best hyperparameters found were:
lr: 0.0005096067531892613
epochs: 1614.8131428890506
batch_size: 52.136172155693295
win: 5.341348373587461
hidden_dim: 167.28320332656327
