Minimum mse: 0.0008246263951041775
Best hyperparameters found were:
lr: 0.00723241566576686
epochs: 278.41601708994205
batch_size: 382.898435598805
win: 3.602536998183429
layers_idx: 0.11655297528955444
