Minimum mse: 0.03174640238285065
Best hyperparameters found were:
lr: 0.015540653524918275
epochs: 401.3161224318681
batch_size: 511.30378764297797
win: 1.764887187083818
layers_idx: 1.6202901571809933
